386 472
123 341
108 312
449 245
16 467
415 230
481 274
109 96
308 490
168 135
259 73
29 481
93 120
76 23
445 260
453 484
103 380
383 266
190 472
4 22
462 49
399 483
34 202
28 424
371 123
183 101
351 471
77 94
323 153
270 455
360 228
149 44
498 54
473 95
326 443
373 14
310 391
124 400
170 393
428 343
53 421
284 255
500 471
224 412
272 306
295 269
270 153
218 270
411 148
5 486
209 434
449 489
410 365
299 413
176 252
322 149
144 167
83 129
203 500
409 214
328 373
429 313
219 7
164 308
384 197
366 58
143 32
454 328
112 112
39 254
60 364
42 383
143 422
102 92
335 207
321 212
391 396
235 91
291 305
121 489
268 238
178 135
403 259
435 274
344 383
318 462
474 67
3 197
167 138
108 202
168 78
398 469
401 318
344 121
107 466
227 72
442 22
477 73
285 137
402 27